               -204.3936416388
          0.000000120      -0.000000049       0.000000066
         -0.000000050       0.000000032      -0.000000127
          0.000000065      -0.000000128       0.000000118
          30
  1     6       0.000236168       0.001783939      -0.000005093  C
  1     6      -0.000215665      -0.001230732       0.000263725  C
  2     7      -0.000678023       0.000770032      -0.000232070  N
  1     6       0.000888007      -0.000133591       0.000387295  C
  1     6      -0.000242162       0.000240871       0.000223398  C
  1     6       0.000527954      -0.000704691       0.000607933  C
  1     6      -0.000363853       0.000305153      -0.000244336  C
  1     6       0.000451760      -0.000006749      -0.000536497  C
  1     6      -0.000325784      -0.000767401      -0.000352864  C
  1     6       0.000248462       0.000223265      -0.000841456  C
  3     1       0.000016221       0.000255449       0.000178198  H
  3     1       0.000642203      -0.000344307       0.000262423  H
  3     1      -0.000149913       0.000259638       0.000024732  H
  3     1       0.000097764      -0.000238764      -0.000235606  H
  3     1      -0.000291694       0.000819248       0.000077241  H
  3     1      -0.000820408      -0.000563512      -0.000530910  H
  1     6      -0.000276018      -0.000397462      -0.000018357  C
  1     6       0.000466054       0.000430945      -0.000089487  C
  1     6       0.000156729       0.000065357       0.000683469  C
  2     7      -0.000234106       0.000426959      -0.000218587  N
  3     1      -0.000245377      -0.000267973       0.000378723  H
  3     1       0.000336732      -0.000348075      -0.000295950  H
  3     1       0.000207473      -0.000451241       0.000468369  H
  3     1      -0.000243327       0.000257420       0.000102177  H
  3     1       0.000276939      -0.000265266      -0.000091403  H
  3     1      -0.000139387      -0.000140652      -0.000120359  H
  3     1       0.000173859       0.000251131      -0.000311327  H
  3     1      -0.000044061       0.000149518       0.000259517  H
  3     1      -0.000391927      -0.000150551      -0.000071301  H
  3     1      -0.000085060       0.000048897       0.000291316  H
