               -237.4126390672
          0.000000036       0.000000059       0.000000084
          0.000000059      -0.000000105      -0.000000011
          0.000000084      -0.000000012      -0.000000036
          31
  1     6       0.000749905      -0.000681928       0.000023917  C
  1     6       0.000376566      -0.000382726       0.000038610  C
  2     7       0.000597205       0.000590333       0.000123840  N
  1     6      -0.000839793      -0.000128099      -0.000372996  C
  1     6      -0.000062525       0.000591572       0.000136431  C
  1     6      -0.000382651       0.000935108      -0.000450754  C
  1     6       0.001037720      -0.000455175       0.000159140  C
  1     6      -0.000849230      -0.000182448      -0.000606697  C
  1     6      -0.000097485      -0.000604243       0.000114320  C
  1     6       0.000266921       0.000654395      -0.000279184  C
  3     1       0.000287881       0.000449607       0.000036535  H
  3     1      -0.000927551      -0.000039822      -0.000222680  H
  3     1      -0.000436470       0.000135752       0.000116627  H
  4     8      -0.000235930      -0.000048755      -0.000129956  O
  3     1       0.000404510      -0.000627131       0.000248502  H
  3     1       0.000209842      -0.000304299       0.000208786  H
  3     1       0.000084328       0.000001011      -0.000172218  H
  1     6       0.000210190      -0.000070081      -0.000008514  C
  1     6      -0.000591123      -0.000167404       0.000285313  C
  1     6      -0.000392965       0.000123198       0.000591562  C
  2     7       0.000265455      -0.000144827       0.000323507  N
  3     1      -0.000126373       0.000372088       0.000352566  H
  3     1      -0.000350093      -0.000312080      -0.000169923  H
  3     1       0.000513038      -0.000733618       0.000298979  H
  3     1      -0.000449923       0.000264192      -0.000005072  H
  3     1       0.000351093       0.000003679      -0.000470996  H
  3     1      -0.000288944       0.000459462      -0.000539020  H
  3     1       0.000068507      -0.000094853      -0.000192371  H
  3     1       0.000605025       0.000262826       0.000003311  H
  3     1       0.000187657      -0.000193833      -0.000297339  H
  3     1      -0.000204827       0.000065535       0.000512588  H
