               -208.6902992775
         -0.000000154      -0.000000045       0.000000119
         -0.000000043      -0.000000206      -0.000000042
          0.000000119      -0.000000042       0.000000008
          25
  1     6      -0.000798100       0.000518671       0.000070464  C
  1     6       0.000268562      -0.000259171       0.000065226  C
  2     7       0.000660369       0.000415330      -0.000175110  N
  1     6      -0.000091101      -0.000149808       0.000221554  C
  1     6      -0.000097709       0.000681041       0.000029749  C
  1     6       0.000163024       0.000543990      -0.000056256  C
  1     6       0.001097028       0.000198841      -0.000057332  C
  1     6      -0.000466275      -0.000615778      -0.000309977  C
  1     6       0.000146132      -0.000280903      -0.000122618  C
  1     6       0.000359695       0.000329502       0.000506297  C
  3     1       0.000415745       0.000243462       0.000112822  H
  3     1      -0.000655994      -0.000509635      -0.000691563  H
  3     1      -0.000800675      -0.000397798      -0.000211899  H
  4     8      -0.000876781      -0.000597143       0.000156554  O
  3     1       0.000384170       0.000273829       0.000267624  H
  3     1       0.000056157      -0.000019329       0.000115209  H
  3     1       0.000212217      -0.000373433      -0.000227807  H
  1     6       0.000045556       0.000257142      -0.000632871  C
  2     7      -0.000240652      -0.000228142       0.000008336  N
  3     1      -0.000204456       0.000138084       0.000078449  H
  3     1      -0.000294425       0.000089987       0.000205429  H
  3     1      -0.000153645      -0.000396282       0.000646132  H
  3     1       0.000197169       0.000323446      -0.000670967  H
  3     1       0.000310083      -0.000027702       0.000265766  H
  3     1       0.000209980       0.000081647      -0.000002957  H
