               -204.3936336847
          0.000000108      -0.000000045       0.000000059
         -0.000000046       0.000000040      -0.000000117
          0.000000059      -0.000000117       0.000000110
          30
  1     6       0.000221538       0.001790683      -0.000003631  C
  1     6      -0.000244659      -0.001222274       0.000244465  C
  2     7      -0.000623314       0.000747368      -0.000200761  N
  1     6       0.000866588      -0.000133643       0.000370212  C
  1     6      -0.000235232       0.000244363       0.000238914  C
  1     6       0.000561302      -0.000695957       0.000625584  C
  1     6      -0.000356981       0.000278399      -0.000253922  C
  1     6       0.000454723      -0.000065076      -0.000535733  C
  1     6      -0.000310419      -0.000687656      -0.000347338  C
  1     6       0.000242679       0.000233203      -0.000841915  C
  3     1      -0.000007136       0.000125226       0.000171754  H
  3     1       0.000772794      -0.000315853       0.000236606  H
  3     1      -0.000227454       0.000270377       0.000051698  H
  3     1       0.000052373      -0.000368969      -0.000243949  H
  3     1      -0.000240833       0.000797011       0.000048030  H
  3     1      -0.000856510      -0.000551669      -0.000496914  H
  1     6      -0.000280467      -0.000400989       0.000005764  C
  1     6       0.000421659       0.000450480      -0.000063424  C
  1     6       0.000158221       0.000053024       0.000665731  C
  2     7      -0.000224644       0.000410153      -0.000270219  N
  3     1      -0.000296902      -0.000330225       0.000395454  H
  3     1       0.000276617      -0.000323117      -0.000269998  H
  3     1       0.000218720      -0.000440803       0.000500541  H
  3     1      -0.000213188       0.000189828       0.000123883  H
  3     1       0.000278827      -0.000240960      -0.000062837  H
  3     1      -0.000058533      -0.000146327      -0.000098938  H
  3     1       0.000124193       0.000254765      -0.000287007  H
  3     1       0.000015875       0.000128138       0.000216017  H
  3     1      -0.000296191      -0.000104605      -0.000026718  H
  3     1      -0.000135763       0.000083201       0.000282139  H
