               -237.4125876395
          0.000000036       0.000000057       0.000000078
          0.000000056      -0.000000088      -0.000000011
          0.000000078      -0.000000011      -0.000000025
          31
  1     6       0.000725198      -0.000720660       0.000020530  C
  1     6       0.000344205      -0.000384352       0.000035775  C
  2     7       0.000621201       0.000566269       0.000130470  N
  1     6      -0.000859523      -0.000089796      -0.000381607  C
  1     6      -0.000060080       0.000607148       0.000135109  C
  1     6      -0.000373460       0.000852096      -0.000453752  C
  1     6       0.001043400      -0.000496597       0.000165068  C
  1     6      -0.000858644      -0.000266296      -0.000604599  C
  1     6      -0.000085673      -0.000583646       0.000119825  C
  1     6       0.000254217       0.000658097      -0.000294844  C
  3     1       0.000265953       0.000496151       0.000061599  H
  3     1      -0.000803918      -0.000041805      -0.000235355  H
  3     1      -0.000623863       0.000128277       0.000030915  H
  4     8      -0.000144113       0.000116417       0.000039441  O
  3     1       0.000480757      -0.000689805       0.000251157  H
  3     1       0.000236475      -0.000341005       0.000188415  H
  3     1       0.000115487      -0.000008368      -0.000132734  H
  1     6       0.000178595      -0.000077100       0.000001166  C
  1     6      -0.000616488      -0.000125467       0.000278076  C
  1     6      -0.000392756       0.000112896       0.000600585  C
  2     7       0.000285968      -0.000159038       0.000278354  N
  3     1      -0.000093838       0.000397272       0.000397857  H
  3     1      -0.000413346      -0.000368860      -0.000150836  H
  3     1       0.000530913      -0.000717434       0.000320862  H
  3     1      -0.000405993       0.000239083      -0.000037092  H
  3     1       0.000379462      -0.000008889      -0.000434492  H
  3     1      -0.000379309       0.000452487      -0.000552126  H
  3     1      -0.000007352      -0.000085516      -0.000203100  H
  3     1       0.000612555       0.000299016       0.000034810  H
  3     1       0.000155159      -0.000106806      -0.000266538  H
  3     1      -0.000152236       0.000092725       0.000524336  H
