               -208.6902927803
         -0.000000133      -0.000000034       0.000000122
         -0.000000034      -0.000000202      -0.000000043
          0.000000122      -0.000000043       0.000000016
          25
  1     6      -0.000818763       0.000583610       0.000072476  C
  1     6       0.000275252      -0.000245751       0.000069079  C
  2     7       0.000671727       0.000393525      -0.000180054  N
  1     6      -0.000113045      -0.000145642       0.000215024  C
  1     6      -0.000105563       0.000674350       0.000024561  C
  1     6       0.000192976       0.000551707      -0.000057856  C
  1     6       0.001095977       0.000191005      -0.000053061  C
  1     6      -0.000425380      -0.000630776      -0.000303914  C
  1     6       0.000108306      -0.000242725      -0.000121449  C
  1     6       0.000385255       0.000329070       0.000495096  C
  3     1       0.000457315       0.000218023       0.000147256  H
  3     1      -0.000654107      -0.000489538      -0.000670230  H
  3     1      -0.000854581      -0.000394609      -0.000232529  H
  4     8      -0.000927699      -0.000565575       0.000228024  O
  3     1       0.000423644       0.000242561       0.000286491  H
  3     1       0.000159835      -0.000016208       0.000147164  H
  3     1       0.000146059      -0.000524573      -0.000202287  H
  1     6       0.000059367       0.000253130      -0.000647470  C
  2     7      -0.000190716      -0.000231804       0.000039426  N
  3     1      -0.000086664       0.000121814       0.000058008  H
  3     1      -0.000296784       0.000087959       0.000387103  H
  3     1      -0.000204289      -0.000411417       0.000621863  H
  3     1       0.000189647       0.000296026      -0.000627692  H
  3     1       0.000296670      -0.000047632       0.000303149  H
  3     1       0.000243737       0.000083028      -0.000009754  H
